0.399115307742269	0.890600206036129
0.399133779758511	0.890180195553184
0.39915385513743	0.889741564992498
0.399175526091723	0.889284454844781
0.399198784834093	0.888809005600744
0.399223623577237	0.888315357751097
0.399250034533856	0.88780365178655
0.39927800991665	0.887274028197814
0.399307541938318	0.886726627475599
0.399338622811561	0.886161590110616
0.399371244749078	0.885579056593574
0.399405399963569	0.884979167415185
0.399441080667734	0.884362063066158
0.399478279074272	0.883727884037204
0.399516987395883	0.883076770819033
0.399557197845268	0.882408863902356
0.399598902635126	0.881724303777883
0.399642093978156	0.881023230936324
0.399686764087059	0.880305785868389
0.399732905174535	0.87957210906479
0.399780509453282	0.878822341016236
0.399829569136002	0.878056622213437
0.399880076435393	0.877275093147105
0.399932023564156	0.876477894307949
0.39998540273499	0.87566516618668
0.400040206160596	0.874837049274008
0.400096426053673	0.873993684060643
0.40015405462692	0.873135211037296
0.400213084093038	0.872261770694677
0.400273506664727	0.871373503523497
0.400335314554685	0.870470550014466
0.400398499975614	0.869553050658294
0.400463055140213	0.868621145945691
0.400528972261181	0.867674976367368
0.400596243551219	0.866714682414036
0.400664861223026	0.865740404576404
0.400734817489302	0.864752283345183
0.400806104562747	0.863750459211084
0.400878714656061	0.862735072664816
0.400952639981943	0.86170626419709
0.401027872753093	0.860664174298617
0.401104405182212	0.859608943460106
0.401182229481998	0.858540712172268
0.401261337865152	0.857459620925814
0.401341722544374	0.856365810211454
0.401423375732362	0.855259420519898
0.401506289641818	0.854140592341856
0.401590456485441	0.853009466168039
0.401675868475931	0.851866182489157
0.401762517825987	0.850710881795921
0.40185039674831	0.849543704579041
0.401939497455598	0.848364791329227
0.402029812160553	0.84717428253719
0.402121333075873	0.845972318693639
0.402214052414259	0.844759040289286
0.402307962388411	0.843534587814841
0.402403055211027	0.842299101761014
0.402499323094809	0.841052722618515
0.402596758252455	0.839795590878055
0.402695352896665	0.838527847030343
0.402795099240141	0.837249631566092
0.40289598949558	0.83596108497601
0.402998015875683	0.834662347750808
0.40310117059315	0.833353560381197
0.403205445860681	0.832034863357886
0.403310833890975	0.830706397171587
0.403417326896733	0.829368302313009
0.403524917090653	0.828020719272863
0.403633596685436	0.82666378854186
0.403743357893782	0.825297650610709
0.40385419292839	0.823922445970121
0.403966094001961	0.822538315110806
0.404079053327194	0.821145398523475
0.404193063116788	0.819743836698838
0.404308115583444	0.818333770127606
0.404424202939862	0.816915339300488
0.40454131739874	0.815488684708195
0.40465945117278	0.814053946841437
0.404778596474681	0.812611266190926
0.404898745517142	0.81116078324737
0.405019890512864	0.809702638501481
0.405142023674546	0.808236972443969
0.405265137214889	0.806763925565544
0.405389223346591	0.805283638356917
0.405514274282353	0.803796251308797
0.405640282234874	0.802301904911896
0.405767239416855	0.800800739656923
0.405895138040994	0.799292896034589
0.406023970319993	0.797778514535605
0.406153728466551	0.79625773565068
0.406284404693367	0.794730699870525
0.406415991213141	0.793197547685851
0.406548480238573	0.791658419587367
0.406681863982364	0.790113456065785
0.406816134657212	0.788562797611814
0.406951284475818	0.787006584716164
0.407087305650881	0.785444957869547
0.407224190395101	0.783878057562672
0.407361930921178	0.78230602428625
0.407500519441812	0.780728998530991
0.407639948169703	0.779147120787606
0.40778020931755	0.777560531546805
0.407921295098053	0.775969371299297
0.408063197723912	0.774373780535795
0.408205909407827	0.772773899747007
0.408349422362498	0.771169869423645
0.408493728800623	0.769561830056418
0.408638820934905	0.767949922136038
0.408784690978041	0.766334286153214
0.408931331142732	0.764715062598656
0.409078733641678	0.763092391963075
0.409226890687578	0.761466414737182
0.409375794493132	0.759837271411687
0.40952543727104	0.7582051024773
0.409675811234003	0.756570048424731
0.409826908594718	0.754932249744691
0.409978721565888	0.75329184692789
0.41013124236021	0.751648980465039
0.410284463190386	0.750003790846848
0.410438376269115	0.748356418564027
0.410592973809096	0.746707004107286
0.41074824802303	0.745055687967337
0.410904191123615	0.743402610634888
0.411060795323554	0.741747912600652
0.411218052835544	0.740091734355337
0.411375955872285	0.738434216389655
0.411534496646479	0.736775499194315
0.411693667370823	0.735115723260029
0.411853460258019	0.733455029077506
0.412013867520765	0.731793557137456
0.412174881371763	0.730131447930591
0.41233649402371	0.72846884194762
0.412498697689309	0.726805879679254
0.412661484581257	0.725142701616204
0.412824846912255	0.723479448249178
0.412988776895003	0.721816260068889
0.413153266742201	0.720153277566046
0.413318308666548	0.718490641231359
0.413483894880744	0.716828491555539
0.413650017597489	0.715166969029297
0.413816669029482	0.713506214143342
0.413983841389425	0.711846367388386
0.414151526890016	0.710187569255137
0.414319717743955	0.708529960234308
0.414488406163942	0.706873680816607
0.414657584362677	0.705218871492746
0.414827244552859	0.703565672753434
0.414997378947189	0.701914225089383
0.415167979758366	0.700264668991302
0.41533903919909	0.698617144949902
0.415510549482061	0.696971793455893
0.415682502819978	0.695328754999985
0.415854891425542	0.69368817007289
0.416027707511452	0.692050179165317
0.416200943290409	0.690414922767976
0.416374590975111	0.688782541371578
0.416548642778258	0.687153175466833
0.416723090912552	0.685526965544452
0.41689792759069	0.683904052095145
0.417073145025374	0.682284575609623
0.417248735429302	0.680668676578595
0.417424691015175	0.679056495492772
0.417601003995693	0.677448172842865
0.417777666583555	0.675843849119583
0.417954670991461	0.674243664813637
0.41813200943211	0.672647760415738
0.418309674118204	0.671056276416596
0.418487657262441	0.66946935330692
0.418665951077522	0.667887131577423
0.418844547776145	0.666309751718813
0.419023439571011	0.664737354221801
0.419202618674821	0.663170079577098
0.419382077300272	0.661608068275414
0.419561807660066	0.660051460807459
0.419741801966903	0.658500397663944
0.419922052433481	0.656955019335579
0.420102551272501	0.655415466313074
0.420283290696662	0.653881879087139
0.420464262918665	0.652354398148486
0.420645460151209	0.650833163987824
0.420826874606994	0.649318317095864
0.42100849849872	0.647809997963316
0.421190324039086	0.646308347080891
0.421372343440793	0.644813504939298
0.421554548916539	0.643325612029248
0.421736932679026	0.641844808841452
0.421919486940953	0.64037123586662
0.422102203915019	0.638905033595462
0.422285075813925	0.637446342518688
0.42246809485037	0.63599530312701
0.422651253237054	0.634552055911137
0.422834543186677	0.633116741361779
0.423017956911938	0.631689499969647
0.423201486625538	0.630270472225452
0.423385124540176	0.628859798619903
0.423568862868552	0.627457619643711
0.423752693823366	0.626064075787587
0.423936609617318	0.624679307542241
0.424120602463107	0.623303455398382
0.424304664573433	0.621936659846722
0.424488787546225	0.620579022337921
0.424672960520318	0.619230488162442
0.42485717201978	0.617890963570699
0.425041410568676	0.616560354813104
0.425225664691071	0.61523856814007
0.425409922911031	0.613925509802011
0.425594173752622	0.61262108604934
0.425778405739909	0.61132520313247
0.425962607396958	0.610037767301815
0.426146767247833	0.608758684807787
0.426330873816602	0.6074878619008
0.426514915627329	0.606225204831266
0.426698881204081	0.6049706198496
0.426882759070921	0.603724013206214
0.427066537751917	0.602485291151522
0.427250205771134	0.601254359935936
0.427433751652638	0.60003112580987
0.427617163920493	0.598815495023738
0.427800431098765	0.597607373827951
0.427983541711521	0.596406668472924
0.428166484282825	0.59521328520907
0.428349247336744	0.594027130286802
0.428531819397343	0.592848109956532
0.428714188988687	0.591676130468675
0.428896344634842	0.590511098073643
0.429078274859873	0.58935291902185
0.429259968187847	0.588201499563709
0.429441413142829	0.587056745949633
0.429622598248883	0.585918564430035
0.429803512030077	0.584786861255328
0.429984143010475	0.583661542675926
0.430164479714144	0.582542514942242
0.430344510665148	0.581429684304689
0.430524224387553	0.58032295701368
0.430703609405425	0.579222239319628
0.430882654242829	0.578127437472947
0.431061347423831	0.57703845772405
0.431239677472497	0.575955206323349
0.431417632912892	0.574877589521259
0.431595202269082	0.573805513568192
0.431772374065132	0.572738884714562
0.431949136825108	0.571677609210781
0.432125479073075	0.570621593307263
0.4323013893331	0.569570743254422
0.432476856129247	0.568524965302669
0.432651867985582	0.56748416570242
0.432826413426171	0.566448250704086
0.43300048097508	0.56541712655808
0.433174059156373	0.564390699514817
0.433347136494117	0.56336887582471
0.433519701512377	0.56235156173817
0.433691742735218	0.561338663505612
0.433863248686707	0.560330087377449
0.434034207890909	0.559325739604095
0.434204608871889	0.558325526435961
0.434374440153713	0.557329354123462
0.434543690260447	0.556337128917011
0.434712347716156	0.55534875706702
0.434880401044906	0.554364144823903
0.435047838770762	0.553383198438074
0.435214649417789	0.552405824159945
0.435380821510055	0.55143192823993
0.435546343571623	0.550461416928441
0.43571120412656	0.549494196475892
0.435875391698932	0.548530173132697
0.436038894812803	0.547569253149268
0.436201701992239	0.546611342776018
0.436363801761307	0.545656348263362
0.436525182644071	0.544704175861711
0.436685833164597	0.543754731821479
0.436845741846951	0.54280792239308
0.437004897215198	0.541863653826926
0.437163287793404	0.540921832373431
0.437320902105635	0.539982364283008
0.437477728675955	0.53904515580607
0.437633756028432	0.538110113193031
0.437788972687129	0.537177142694302
0.437943367176113	0.536246150560299
0.43809692801945	0.535317043041433
0.438249643741204	0.534389726388119
0.438401502865442	0.533464106850769
0.438552493916229	0.532540090679796
0.438702605417631	0.531617584125614
0.438851825893713	0.530696493438636
0.439000143868541	0.529776724869275
0.43914754786618	0.528858184667944
0.439294026410696	0.527940779085056
0.439439568026155	0.527024414371025
0.439584161236622	0.526108996776265
0.439727794566163	0.525194432551186
0.439870456538843	0.524280627946205
0.440012135678728	0.523367489211732
0.440152820509884	0.522454922598183
0.440292499556375	0.521542834355969
0.440431161342268	0.520631130735504
0.440568794391629	0.519719717987201
0.440705387228522	0.518808502361474
0.440840928377014	0.517897390108735
0.440975406361169	0.516986287479398
0.441108809705055	0.516075100723876
0.441241133592861	0.515163755514933
0.441372399849282	0.514252255214736
0.441502636959139	0.513340622607805
0.441631873407251	0.512428880478659
0.44176013767844	0.511517051611814
0.441887458257524	0.510605158791792
0.442013863629325	0.509693224803109
0.442139382278661	0.508781272430284
0.442264042690355	0.507869324457837
0.442387873349225	0.506957403670286
0.442510902740092	0.506045532852149
0.442633159347776	0.505133734787945
0.442754671657097	0.504222032262192
0.442875468152876	0.50331044805941
0.442995577319932	0.502399004964117
0.443115027643087	0.501487725760832
0.443233847607159	0.500576633234072
0.443352065696969	0.499665750168358
0.443469710397337	0.498755099348207
0.443586810193084	0.497844703558138
0.443703393569029	0.49693458558267
0.443819489009994	0.496024768206321
0.443935125000797	0.49511527421361
0.44405033002626	0.494206126389055
0.444165132571201	0.493297347517176
0.444279561120443	0.492388960382491
0.444393644158804	0.491480987769518
0.444507410171105	0.490573452462776
0.444620887642165	0.489666377246784
0.444734105056807	0.48875978490606
0.444847090899848	0.487853698225123
0.44495987365611	0.486948139988492
0.445072481810413	0.486043132980685
0.445184943847577	0.485138699986221
0.445297288252422	0.484234863789619
0.445409543509768	0.483331647175396
0.445521738104435	0.482429072928072
0.445633900521244	0.481527163832166
0.445746059245015	0.480625942672196
0.445858242760568	0.47972543223268
0.445970479552723	0.478825655298137
0.446082798106301	0.477926634653087
0.446195226906121	0.477028393082046
0.446307794437003	0.476130953369535
0.446420529183768	0.475234338300072
0.446533459631237	0.474338570658175
0.446646614264228	0.473443673228363
0.446760021567563	0.472549668795155
0.446873710026062	0.471656580143069
0.446987708124544	0.470764430056624
0.44710204434783	0.469873241320338
0.44721674718074	0.468983036718731
0.447331845108095	0.46809383903632
0.447447366614714	0.467205671057625
0.447563340185417	0.466318555567164
0.447679794305025	0.465432515349455
0.447796757458359	0.464547573189018
0.447914258130237	0.46366375187037
0.44803232480548	0.462781074178032
0.448150985968909	0.46189956289652
0.448270270105344	0.461019240810354
0.448390205699605	0.460140130704053
0.448510821236511	0.459262255362134
0.448632145200884	0.458385637569117
0.448754206077543	0.457510300109521
0.448877032351308	0.456636265767863
0.449000652507001	0.455763557328663
0.44912509502944	0.45489219757644
0.449250388403446	0.454022209295711
0.449376561113839	0.453153615270995
0.44950364164544	0.452286438286812
0.449631658483069	0.451420701127679
0.449760640111545	0.450556426578116
0.449890615015689	0.44969363742264
0.450021611680321	0.448832356445771
0.450153658590261	0.447972606432027
0.45028678423033	0.447114410165928
0.450421017085348	0.44625779043199
0.450556385640134	0.445402770014734
0.450692918379509	0.444549371698677
0.450830643788294	0.443697618268339
0.450969590351308	0.442847532508238
0.451109786553371	0.441999137202892
0.451251260879304	0.44115245513682
0.451394041813927	0.440307509094542
0.45153815784206	0.439464321860575
0.451683637448523	0.438622916219437
0.451830509118136	0.437783314955649
0.45197880133572	0.436945540853728
0.452128542586095	0.436109616698193
0.45227976135408	0.435275565273563
0.452432486124497	0.434443409364356
0.452586745382165	0.43361317175509
0.452742567611904	0.432784875230286
0.452899981298535	0.43195854257446
0.453059014926878	0.431134196572132
0.453219696981753	0.43031186000782
0.45338205594798	0.429491555666044
0.453546120310379	0.428673306331321
0.45371191855377	0.42785713478817
0.453879469941389	0.427043038404452
0.454048756850127	0.426230912881387
0.454219752435292	0.42542062850354
0.454392429852189	0.424612055555474
0.454566762256127	0.423805064321752
0.454742722802411	0.422999525086939
0.454920284646349	0.422195308135596
0.455099420943247	0.421392283752289
0.455280104848412	0.420590322221579
0.455462309517151	0.419789293828031
0.455646008104771	0.418989068856207
0.455831173766579	0.418189517590672
0.45601777965788	0.417390510315989
0.456205798933983	0.41659191731672
0.456395204750195	0.41579360887743
0.45658597026182	0.414995455282681
0.456778068624168	0.414197326817038
0.456971472992544	0.413399093765063
0.457166156522255	0.412600626411321
0.457362092368608	0.411801795040373
0.45755925368691	0.411002469936785
0.457757613632468	0.410202521385118
0.457957145360589	0.409401819669937
0.458157822026578	0.408600235075805
0.458359616785744	0.407797637887286
0.458562502793393	0.406993898388942
0.458766453204831	0.406188886865337
0.458971441175366	0.405382473601035
0.459177439860304	0.404574528880598
0.459384422414953	0.403764922988591
0.459592361994618	0.402953526209577
0.459801231754607	0.402140208828119
0.460011004850227	0.40132484112878
0.460221654436784	0.400507293396124
0.460433153669586	0.399687435914714
0.460645475703938	0.398865138969114
0.460858593695148	0.398040272843887
0.461072480798523	0.397212707823597
0.46128711016937	0.396382314192806
0.461502454962995	0.395548962236078
0.461718488334704	0.394712522237977
0.461935183439806	0.393872864483067
0.462152513433606	0.393029859255909
0.462370451471412	0.392183376841069
0.462588970708531	0.391333287523108
0.462808044300268	0.390479461586591
0.463027645401931	0.389621769316081
0.463247747168827	0.388760080996142
0.463468322756263	0.387894266911336
0.463689345319545	0.387024197346228
0.46391078801398	0.38614974258538
0.464132623994875	0.385270772913356
0.464354826417537	0.384387158614719
0.464577368437273	0.383498769974033
0.464800223209389	0.382605477275861
0.465023363889192	0.381707150804767
0.46524676363199	0.380803660845314
0.465470395593088	0.379894877682065
0.465694232927794	0.378980671599583
0.465918248791414	0.378060912882433
0.466142416339256	0.377135471815177
0.466366708726626	0.376204218682379
0.466591099108831	0.375267023768603
0.466815560641177	0.374323757358411
0.467040066478972	0.373374289736367
0.467264589777523	0.372418491187034
0.467489103692135	0.371456231994977
0.467713581378117	0.370487382444758
0.467937995990774	0.36951181282094
0.468162320685414	0.368529393408087
0.468386528617343	0.367539994490763
0.468610592941869	0.366543486353531
0.468834486814297	0.365539739280954
0.469058183389935	0.364528623557595
0.46928165582409	0.363510009468018
0.469504877272069	0.362483767296787
0.469727820889178	0.361449767328465
0.469950459830723	0.360407879847615
0.470172767252013	0.3593579751388
0.470394716308353	0.358299923486584
0.470616280155051	0.357233595175531
0.470837431947414	0.356158860490203
0.471058144840747	0.355075589715165
0.471278391990358	0.353983653134979
0.471498146551554	0.352882921034209
0.471717381679642	0.351773263697419
0.471936070529928	0.350654551409171
0.472154186257719	0.349526654454029
0.472371702018322	0.348389443116557
0.472588590967044	0.347242787681317
0.472804826259192	0.346086558432874
0.473020381050072	0.344920625655791
0.473235228494991	0.343744859634631
0.473449341749256	0.342559130653957
0.473662693968175	0.341363308998333
0.473875258307052	0.340157264952322
0.474087007921197	0.338940868800488
0.474297915965914	0.337713990827394
0.474507955596512	0.336476501317604
0.474717099968297	0.33522827055568
0.474925327256574	0.333969224605083
0.475132635716644	0.332699512644856
0.475339028623807	0.331419339632939
0.475544509253363	0.330128910527274
0.47574908088061	0.3288284302858
0.475952746780848	0.327518103866457
0.476155510229376	0.326198136227185
0.476357374501495	0.324868732325925
0.476558342872504	0.323530097120617
0.476758418617702	0.322182435569202
0.476957605012388	0.320825952629618
0.477155905331862	0.319460853259807
0.477353322851424	0.318087342417709
0.477549860846374	0.316705625061264
0.477745522592009	0.315315906148412
0.477940311363631	0.313918390637093
0.478134230436538	0.312513283485249
0.478327283086031	0.311100789650817
0.478519472587408	0.30968111409174
0.478710802215969	0.308254461765957
0.478901275247013	0.306821037631409
0.479090894955841	0.305381046646035
0.479279664617751	0.303934693767776
0.479467587508043	0.302482183954572
0.479654666902016	0.301023722164364
0.479840906074971	0.299559513355091
0.480026308302205	0.298089762484694
0.48021087685902	0.296614674511112
0.480394615020715	0.295134454392287
0.480577526062588	0.293649307086158
0.480759613259939	0.292159437550666
0.480940879888069	0.29066505074375
0.481121329222276	0.289166351623352
0.48130096453786	0.287663545147411
0.48147978911012	0.286156836273867
0.481657806214356	0.28464642996066
0.481835019125867	0.283132531165732
0.482011431119954	0.281615344847021
0.482187045471914	0.280095075962469
0.482361865457049	0.278571929470015
0.482535894350656	0.2770461103276
0.482709135428037	0.275517823493164
0.48288159196449	0.273987273924647
0.483053267235314	0.272454666579989
0.48322416451581	0.270920206417131
0.483394287081277	0.269384098394013
0.483563638207014	0.267846547468574
0.48373222116832	0.266307758598756
0.483900039240496	0.264767936742498
0.484067095698841	0.26322728685774
0.484233393818654	0.261686013902424
0.484398936875234	0.260144322834488
0.484563728143882	0.258602418611873
0.484727770899896	0.25706050619252
0.484891068418577	0.255518790534369
0.485053623975223	0.253977476595359
0.485215440845135	0.252436769333432
0.485376522303611	0.250896873706526
0.485536871625951	0.249357994672584
0.485696492087455	0.247820337189543
0.485855386963422	0.246284106215346
0.486013559529151	0.244749506707932
0.486171013059943	0.243216743625241
0.486327750831096	0.241686021925214
0.48648377611791	0.240157546565791
0.486639092195685	0.238631522504911
0.48679370233972	0.237108154700516
0.486947609825314	0.235587648110545
0.487100817927767	0.234070207692938
0.487253329922379	0.232556038405637
0.487405149084449	0.23104534520658
0.487556278689277	0.229538333053709
0.487706722012161	0.228035206904963
0.487856482328402	0.226536171718282
0.488005562913299	0.225041432451608
0.488153967042151	0.22355119406288
0.488301697990259	0.222065661510037
0.48844875903292	0.220585039751022
0.488595153445436	0.219109533743773
0.488740884503105	0.217639348446231
0.488885955481227	0.216174688816336
0.489030369655101	0.214715759812028
0.489174130300028	0.213262766391248
0.489317240691305	0.211815913511936
0.489459704104234	0.210375406132032
0.489601523814112	0.208941449209475
0.489742703096241	0.207514247702208
0.489883245225919	0.206094006568169
0.490023153478446	0.204680930765298
0.490162431129121	0.203275225251537
0.490301081453244	0.201877094984825
0.490439107726114	0.200486744923102
0.490576513223031	0.199104380024309
0.490713301219295	0.197730205246386
0.490849474990204	0.196364425547273
0.490985037811058	0.19500724588491
0.491119992957157	0.193658871217238
0.491254343703801	0.192319506502196
0.491388093326288	0.190989356697726
0.491521245099918	0.189668626761766
0.491653799843654	0.188357473923875
0.49178574855111	0.187055864500075
0.491917079759564	0.185763717078009
0.492047782006293	0.184480950245316
0.492177843828575	0.183207482589637
0.492307253763688	0.181943232698613
0.492436000348908	0.180688119159885
0.492564072121514	0.179442060561093
0.492691457618783	0.178204975489878
0.492818145377992	0.176976782533881
0.492944123936419	0.175757400280743
0.493069381831342	0.174546747318103
0.493193907600038	0.173344742233604
0.493317689779784	0.172151303614886
0.493440716907859	0.170966350049588
0.493562977521539	0.169789800125353
0.493684460158103	0.168621572429821
0.493805153354827	0.167461585550633
0.49392504564899	0.166309758075428
0.494044125577869	0.165166008591849
0.494162381678741	0.164030255687535
0.494279802488883	0.162902417950128
0.494396376545575	0.161782413967268
0.494512092386092	0.160670162326595
0.494626938547712	0.159565581615752
0.494740903567714	0.158468590422378
0.494853975983374	0.157379107334113
0.49496614433197	0.1562970509386
0.49507739715078	0.155222339823477
0.495187722977081	0.154154892576388
0.495297110348151	0.15309462778497
0.495405547801267	0.152041464036867
0.495513023873707	0.150995319919718
0.495619527102748	0.149956114021164
0.495725046025668	0.148923764928845
0.495829569179744	0.147898191230404
0.495933085102254	0.146879311513479
0.496035582330475	0.145867044365712
0.496137049401686	0.144861308374744
0.496237474853163	0.143862022128216
0.496336847222184	0.142869104213767
0.496435155046026	0.141882473219039
0.496532386861968	0.140902047731673
0.496628531207286	0.139927746339309
0.496723576619258	0.138959487629588
0.496817511635162	0.13799719019015
0.496910324792275	0.137040772608637
0.497002004627875	0.136090153472689
0.497092539679239	0.135145251369947
0.497181918483645	0.134205984888052
0.497270129578371	0.133272272614643
0.497357161500693	0.132344033137363
0.49744300278789	0.131421185043851
0.497527641977238	0.130503646921749
0.497611067606016	0.129591337358697
0.497693268211501	0.128684174942336
0.497774232330971	0.127782078260306
0.497853948501703	0.126884965900249
0.497932405260974	0.125992756449804
0.498009591146062	0.125105368496614
0.498085494694246	0.124222720628318
0.498160104442801	0.123344731432556
0.498233408929006	0.122471319496971
0.498305396690138	0.121602403409203
0.498376056263475	0.120737901756892
0.498445376186295	0.119877733127678
0.498513344995874	0.119021816109204
0.498579951229491	0.118170069289109
0.498645183424422	0.117322411255034
0.498709030117946	0.11647876059462
0.49877147984734	0.115639035895508
0.498832521149882	0.114803155745338
0.498892142562849	0.113971038731751
0.498950332623518	0.113142603442388
0.499007079869168	0.11231776846489
0.499062372837075	0.111496452386896
0.499116200064517	0.110678573796049
0.499168550088772	0.109864051279988
0.499219411447117	0.109052803426355
0.49926877267683	0.10824474882279
0.499316622315189	0.107439806056933
0.49936294889947	0.106637893716426
0.499407740966951	0.10583893038891
0.499450987054911	0.105042834662024
0.499492675700626	0.10424952512341
0.499532795441374	0.103458920360708
0.499571334814433	0.10267093896156
0.499608282357079	0.101885499513605
0.499643626606591	0.101102520604485
0.499677356100247	0.10032192082184
0.499709459375323	0.0995436187533115
0.499739924969097	0.0987675329865395
0.499768741418847	0.0979935821091648
0.49979589726185	0.0972216847088283
0.499821381035384	0.0964517593731706
0.499845181276726	0.0956837246898325
0.499867286523154	0.0949174992464548
0.499887685311945	0.0941530016306781
0.499906366180378	0.093390150430143
0.499923317665728	0.0926288642324905
0.499938533110624	0.0918690512003543
0.499952025079089	0.0911105777963403
0.499963810940495	0.0903533000580476
0.499973908064215	0.0895970740230756
0.499982333819622	0.088841755729023
0.499989105576088	0.0880872012134894
0.499994240702986	0.0873332665140733
0.499997756569689	0.0865798076683744
0.499999670545569	0.0858266807139914
0.5	0.0850737416885236
0.499998762302353	0.0843208466295701
0.499995974822002	0.0835678515747298
0.499991654928319	0.0828146125616023
0.499985819990677	0.0820609856277861
0.499978487378448	0.0813068268108808
0.499969674461006	0.0805519921484851
0.499959398607722	0.0797963376781985
0.49994767718797	0.0790397194376198
0.499934527571122	0.0782819934643483
0.499919967126551	0.077523015795983
0.49990401322363	0.0767626424701229
0.499886683231731	0.0760007295243676
0.499867994520227	0.0752371329963155
0.499847964458491	0.0744717089235662
0.499826610415895	0.0737043133437188
0.499803949761812	0.0729348022943722
0.499779999865615	0.0721630318131256
0.499754778096676	0.071388857937578
0.499728301824368	0.0706121367053288
0.499700588418064	0.0698327241539767
0.499671655247137	0.0690504763211214
0.499641519680958	0.0682652492443612
0.499610199088901	0.0674768989612959
0.499577710840339	0.0666852815095243
0.499544072304644	0.0658902529266455
0.499509300851189	0.0650916692502588
0.499473413849346	0.064289386517963
0.499436428668489	0.0634832607673576
0.499398362677989	0.0626731480360413
0.49935923324722	0.0618589043616136
0.499319057745554	0.0610403857816732
0.499277853542364	0.0602174483338195
0.499235638007023	0.0593899480556516
0.499192428508903	0.0585577409847685
0.499148242417377	0.0577206831587694
0.499103097101817	0.0568786306152531
0.499057009931597	0.0560314393918193
0.499009998276089	0.0551789655260665
0.498962079504666	0.0543210650555942
0.4989132709867	0.0534575940180014
0.498863590091564	0.0525884084508872
0.498813054188631	0.0517133643918507
0.498761680647273	0.0508323178784909
0.498709486836864	0.0499451249484073
0.498656490126775	0.0490516416391984
0.498602707886379	0.0481517239884639
0.49854815748505	0.0472452280338024
0.49849285629216	0.0463320098128134
0.498436821677081	0.0454119253630959
0.498380071009186	0.0444848307222489
0.498322621657848	0.0435505819278716
0.49826449099244	0.0426090350175629
0.498205696382334	0.0416600460289225
0.498146255196903	0.0407034709995487
0.49808618480552	0.0397391659670414
0.498025502577556	0.0387669869689989
0.497964225882386	0.037786790043021
0.497902372089382	0.0367984312267065
0.497839958567915	0.0358017665576545
0.49777700268736	0.0347966520734642
0.497713521817089	0.0337829438117344
0.497649533326473	0.0327604978100649
0.497585054584887	0.031729170106054
0.497520102961703	0.0306888167373014
0.497454695826293	0.029639293741406
0.49738885054803	0.0285804571559669
0.497322584496287	0.0275121630185832
0.497255915040436	0.0264342673668538
0.497188859549851	0.0253466262383784
0.497121435393903	0.0242490956707554
0.497053659941966	0.0231415317015846
0.496985550563412	0.0220237903684644
0.496917124627614	0.0208957277089944
0.496848399503944	0.0197571997607736
0.496779392561776	0.0186080625614011
0.496710121170482	0.017448172148476
0.496640602699434	0.0162773845595972
0.496570854518005	0.0150955558323643
0.496500893995569	0.0139025420043758
0.496430738501497	0.0126981991132315
0.496360405405162	0.0114823831965297
0.496289912075938	0.0102549502918702
0.496219275883196	0.00901575643685181
0.496148514196309	0.00776465766907367
0.496077644384651	0.0065015100261349
0.496006683817593	0.00522616954563436
0.495935649864509	0.00393849226517186
0.495864559894771	0.00263833422234559
0.495793431277751	0.00132555145475534
0.495722281382823	-0
0.495651123417408	-0.00133840555219842
0.495579953941125	-0.00268951640362625
0.49550876535164	-0.00405312520394717
0.49543755004662	-0.00542902460282385
0.495366300423733	-0.00681700724992071
0.495295008880646	-0.00821686579490018
0.495223667815026	-0.00962839288742669
0.49515226962454	-0.0110513811771629
0.495080806706855	-0.0124856233137725
0.495009271459639	-0.0139309119469189
0.494937656280558	-0.0153870397262655
0.49486595356728	-0.016853799301476
0.494794155717471	-0.0183309833222131
0.494722255128799	-0.0198183844381412
0.494650244198932	-0.0213157952989227
0.494578115325535	-0.022823008554222
0.494505860906277	-0.0243398168537019
0.494433473338825	-0.025866012847026
0.494360945020845	-0.0274013891838576
0.494288268350004	-0.0289457385138603
0.494215435723971	-0.0304988534866978
0.494142439540411	-0.0320605267520326
0.494069272196993	-0.0336305509595292
0.493995926091383	-0.0352087187588504
0.493922393621248	-0.0367948227996596
0.493848667184256	-0.0383886557316205
0.493774739178073	-0.0399900102043963
0.493700602000368	-0.0415986788676509
0.493626248048806	-0.0432144543710468
0.493551669721055	-0.0448371293642485
0.493476859414783	-0.0464664964969183
0.493401809527655	-0.0481023484187208
0.493326512457341	-0.0497444777793186
0.493250960601506	-0.0513926772283754
0.493175146357818	-0.0530467394155545
0.493099062123943	-0.0547064569905195
0.49302270029755	-0.056371622602934
0.492946053276305	-0.0580420289024606
0.492869113457875	-0.0597174685387639
0.492791873239927	-0.0613977341615061
0.492714325020129	-0.0630826184203518
0.492636461196148	-0.0647719139649636
0.492558274165651	-0.0664654134450052
0.492479756326304	-0.06816290951014
0.492400900075776	-0.0698641948100314
0.492321697811733	-0.0715690619943432
0.492242141931843	-0.0732773037127378
0.492162224833772	-0.07498871261488
0.492081938915187	-0.0767030813504321
0.492001276573756	-0.0784202025690581
0.491920230207147	-0.0801398689204212
0.491838792213025	-0.0818618730541849
0.491756954989059	-0.083586007620013
0.491674710932915	-0.0853120652675678
0.49159205244226	-0.0870398386465142
0.491508971914762	-0.0887691204065142
0.491425461748088	-0.0904997031972326
0.491341514339904	-0.0922313796683318
0.491257122087879	-0.0939639424694756
0.491172277389679	-0.0956971842503273
0.491086972642971	-0.0974308976605505
0.491001200245422	-0.0991648753498088
0.4909149525947	-0.100898909967765
0.490828222088472	-0.102632794164083
0.490741001124405	-0.104366320588426
0.490653282100165	-0.106099281890458
0.490565057413421	-0.107831470719841
0.490476319461839	-0.10956267972624
0.490387060643086	-0.111292701559318
0.490297273354829	-0.113021328868738
0.490206949994737	-0.114748354304164
0.490116082960475	-0.116473570515258
0.490024664649711	-0.118196770151686
0.489932687460112	-0.119917745863109
0.489840143789346	-0.121636290299191
0.489747026035078	-0.123352196109596
0.489653326594977	-0.125065255943988
0.48955903786671	-0.126775262452029
0.489464152247944	-0.128482008283383
0.489368662136345	-0.130185286087714
0.489272559929581	-0.131884888514684
0.48917583802532	-0.133580608213958
0.489078488821227	-0.135272237835198
0.488980504714972	-0.136959570028069
0.488881878104219	-0.138642397442233
0.488782601386638	-0.140320512727354
0.488682666959894	-0.141993708533096
0.488582067221655	-0.143661777509121
0.488480794569588	-0.145324512305094
0.488378841401361	-0.146981705570678
0.488276200114639	-0.148633149955536
0.488172863107092	-0.150278638109331
0.488068822776385	-0.151917962681727
0.487964071520185	-0.153550916322387
0.487858601736161	-0.155177291680976
0.487752405821979	-0.156796881407156
0.487645476175306	-0.158409478150589
0.487537805193809	-0.160014874560942
0.487429385275155	-0.161612863287876
0.487320208817012	-0.163203236981055
0.487210271657429	-0.164785844459491
0.487099583395983	-0.166360759219596
0.486988157072631	-0.16792811092713
0.486876005727334	-0.169488029247851
0.486763142400049	-0.171040643847522
0.486649580130736	-0.1725860843919
0.486535331959354	-0.174124480546748
0.48642041092586	-0.175655961977823
0.486304830070215	-0.177180658350887
0.486188602432376	-0.1786986993317
0.486071741052303	-0.180210214586021
0.485954258969954	-0.181715333779611
0.485836169225288	-0.183214186578229
0.485717484858263	-0.184706902647637
0.48559821890884	-0.186193611653592
0.485478384416975	-0.187674443261856
0.485357994422629	-0.189149527138189
0.48523706196576	-0.190618992948351
0.485115600086326	-0.192082970358101
0.484993621824287	-0.1935415890332
0.484871140219601	-0.194994978639408
0.484748168312227	-0.196443268842484
0.484624719142124	-0.19788658930819
0.48450080574925	-0.199325069702284
0.484376441173565	-0.200758839690526
0.484251638455027	-0.202188028938678
0.484126410633594	-0.203612767112499
0.484000770749227	-0.205033183877748
0.483874731841882	-0.206449408900186
0.48374830695152	-0.207861571845573
0.483621509118099	-0.209269802379669
0.483494351381578	-0.210674230168234
0.483366846781915	-0.212074984877028
0.483239008359069	-0.213472196171811
0.483110849153	-0.214865993718343
0.482982382203665	-0.216256507182384
0.482853620551024	-0.217643866229694
0.482724577235036	-0.219028200526033
0.482595265295658	-0.220409639737161
0.482465697772851	-0.221788313528838
0.482335887706572	-0.223164351566824
0.482205848136781	-0.22453788351688
0.482075592103436	-0.225909039044764
0.481945132646496	-0.227277947816238
0.48181448280592	-0.22864473949706
0.481683655621667	-0.230009543752993
0.481552664133695	-0.231372490249794
0.481421521381963	-0.232733708653224
0.48129024040643	-0.234093328629044
0.481158834247055	-0.235451479843013
0.481027315943796	-0.236808291960891
0.480895698536612	-0.238163894648438
0.480763995065463	-0.239518417571415
0.480632218570306	-0.240871990395582
0.480500382091101	-0.242224742786697
0.480368498667806	-0.243576804410522
0.480236581340381	-0.244928304932817
0.480104643148783	-0.24627937401934
0.479972697132972	-0.247630141335853
0.479840756332906	-0.248980736548116
0.479708833788545	-0.250331289321888
0.479576942539847	-0.25168192932293
0.47944509562677	-0.253032786217001
0.479313306089274	-0.254383989669862
0.479181586967317	-0.255735669347272
0.479049951300859	-0.257087954914991
0.478918412129857	-0.258440976038781
0.478786982494271	-0.2597948623844
0.478655675434059	-0.261149743617608
0.478524503989181	-0.262505749404166
0.478393481199595	-0.263863009409834
0.478262620105259	-0.265221653300371
0.478131933746133	-0.266581810741539
0.478001435162175	-0.267943611399096
0.477871137393344	-0.269307184938802
0.4777410534796	-0.270672661026419
0.477611196460899	-0.272040169327705
0.477481579377203	-0.273409839508421
0.477352215268468	-0.274781801234326
0.477223117174654	-0.276156184171182
0.47709429813572	-0.277533117984747
0.476965771191625	-0.278912732340782
0.476837549382327	-0.280295156905048
0.476709645747785	-0.281680521343303
0.476582073327958	-0.283068955321307
0.476454845162804	-0.284460588504822
0.476327974292283	-0.285855550559607
0.476201473756353	-0.287253971151422
0.476075356594973	-0.288655979946027
0.475949635848101	-0.290061706609181
0.475824324555697	-0.291471280806646
0.47569943575772	-0.292884832204181
0.475574982494127	-0.294302490467546
0.475450977804878	-0.295724385262501
0.475327434729932	-0.297150646254806
0.475204366309247	-0.298581403110221
0.475081785582782	-0.300016785494506
0.474959705590497	-0.301456923073422
0.474838139372348	-0.302901945512727
0.474717099968297	-0.304351982478183
0.47459659501976	-0.305807125426325
0.474476610573994	-0.307267312976792
0.474357127279714	-0.308732445539998
0.474238125785635	-0.310202423526359
0.474119586740474	-0.311677147346289
0.474001490792945	-0.313156517410203
0.473883818591764	-0.314640434128516
0.473766550785647	-0.316128797911642
0.473649668023308	-0.317621509169997
0.473533150953464	-0.319118468313994
0.47341698022483	-0.320619575754049
0.473301136486121	-0.322124731900577
0.473185600386053	-0.323633837163991
0.473070352573341	-0.325146791954708
0.472955373696701	-0.326663496683141
0.472840644404848	-0.328183851759706
0.472726145346497	-0.329707757594817
0.472611857170365	-0.331235114598888
0.472497760525166	-0.332765823182336
0.472383836059616	-0.334299783755574
0.472270064422431	-0.335836896729017
0.472156426262325	-0.33737706251308
0.472042902228015	-0.338920181518178
0.471929472968216	-0.340466154154725
0.471816119131643	-0.342014880833136
0.471702821367012	-0.343566261963826
0.471589560323038	-0.34512019795721
0.471476316648437	-0.346676589223702
0.471363070991924	-0.348235336173717
0.471249804002214	-0.349796339217671
0.471136496328024	-0.351359498765977
0.471023128618068	-0.35292471522905
0.470909681521062	-0.354491889017305
0.470796135685721	-0.356060920541158
0.470682471760762	-0.357631710211022
0.470568670394898	-0.359204158437312
0.470454712236847	-0.360778165630444
0.470340577935323	-0.362353632200831
0.470226248139041	-0.363930458558889
0.470111703496718	-0.365508545115033
0.469996924657069	-0.367087792279676
0.469881892268808	-0.368668100463235
0.469766586980653	-0.370249370076123
0.469650989441317	-0.371831501528755
0.469535080299517	-0.373414395231547
0.469418840203967	-0.374997951594912
0.469302249803385	-0.376582071029266
0.469185289746484	-0.378166653945024
0.46906794068198	-0.379751600752599
0.46895018325859	-0.381336811862408
0.468831998125027	-0.382922187684864
0.468713365930008	-0.384507628630382
0.468594267322249	-0.386093035109378
0.468474682950464	-0.387678307532265
0.468354593463369	-0.389263346309459
0.46823397950968	-0.390848051851375
0.468112821738112	-0.392432324568426
0.467991100797381	-0.394016064871028
0.467868797336201	-0.395599173169596
0.467745892003289	-0.397181549874544
0.46762236544736	-0.398763095396288
0.467498198317129	-0.400343710145241
0.467373371261311	-0.401923294531819
0.467247864928624	-0.403501748966436
0.46712165996778	-0.405078973859507
0.466994737027497	-0.406654869621447
0.46686707675649	-0.408229336662671
0.466738659803474	-0.409802275393593
0.466609466817164	-0.411373586224628
0.466479478446277	-0.41294316956619
0.466348675339527	-0.414510925828696
0.46621703814563	-0.416076755422559
0.466084547513301	-0.417640558758194
0.465951184091256	-0.419202236246015
0.465816928528211	-0.420761688296439
0.46568176147288	-0.422318815319878
0.465545663573979	-0.423873517726749
0.465408615480225	-0.425425695927465
0.465270597840331	-0.426975250332442
0.465131591303014	-0.428522081352094
0.464991576516989	-0.430066089396837
0.464850534130972	-0.431607174877084
0.464708444793678	-0.433145238203251
0.464565289153822	-0.434680179785752
0.464421047860121	-0.436211900035002
0.464275701561288	-0.437740299361415
0.464129230906041	-0.439265278175408
0.463981616543094	-0.440786736887393
0.463832839121162	-0.442304575907787
0.463682879288962	-0.443818695647004
0.463531717695209	-0.445328996515458
0.463379334988617	-0.446835378923564
0.463225711817904	-0.448337743281738
0.463070828831783	-0.449835990000393
0.462914666678971	-0.451330019489945
0.462757206008183	-0.452819732160808
0.462598427468135	-0.454305028423396
0.462438311707541	-0.455785808688126
0.462276839375118	-0.457261973365412
0.462113991119581	-0.458733422865667
0.461949753140316	-0.460200074870686
0.461784133839397	-0.461661916147773
0.461617147169567	-0.463118950735611
0.46144880708357	-0.464571182672884
0.461279127534151	-0.466018615998275
0.461108122474053	-0.467461254750466
0.46093580585602	-0.468899102968142
0.460762191632796	-0.470332164689985
0.460587293757126	-0.471760443954678
0.460411126181753	-0.473183944800905
0.46023370285942	-0.474602671267349
0.460055037742873	-0.476016627392693
0.459875144784856	-0.47742581721562
0.459694037938111	-0.478830244774813
0.459511731155384	-0.480229914108956
0.459328238389417	-0.481624829256732
0.459143573592956	-0.483014994256824
0.458957750718744	-0.484400413147915
0.458770783719525	-0.485781089968688
0.458582686548043	-0.487157028757826
0.458393473157042	-0.488528233554014
0.458203157499266	-0.489894708395933
0.458011753527459	-0.491256457322267
0.457819275194365	-0.492613484371699
0.457625736452728	-0.493965793582913
0.457431151255292	-0.495313388994591
0.457235533554802	-0.496656274645417
0.457038897304	-0.497994454574074
0.456841256455631	-0.499327932819245
0.456642624962439	-0.500656713419614
0.456443016777167	-0.501980800413863
0.456242445852561	-0.503300197840675
0.456040926141364	-0.504614909738735
0.455838471596319	-0.505924940146724
0.455635096170172	-0.507230293103327
0.455430813815665	-0.508530972647226
0.455225638485543	-0.509826982817104
0.45501958413255	-0.511118327651645
0.45481266470943	-0.512405011189533
0.454604894168927	-0.513687037469449
0.454396286463784	-0.514964410530078
0.454186855546746	-0.516237134410102
0.453976615370557	-0.517505213148205
0.453765579887961	-0.518768650783069
0.453553763051701	-0.520027451353379
0.453341178814522	-0.521281618897817
0.453127841129168	-0.522531157455066
0.452913763948383	-0.52377607106381
0.45269896122491	-0.525016363762732
0.452483446911494	-0.526252039590514
0.452267234960878	-0.527483102585841
0.452050339325808	-0.528709556787395
0.451832773959025	-0.529931406233859
0.451614552813276	-0.531148654963917
0.451395689841303	-0.532361307016252
0.45117619899585	-0.533569366429547
0.450956094229663	-0.534772837242486
0.450735389495484	-0.53597172349375
0.450514098746057	-0.537166029222024
0.450292235934127	-0.538355758465991
0.450069815012437	-0.539540915264334
0.449846849933732	-0.540721503655736
0.449623354650756	-0.54189752767888
0.449399343116252	-0.54306899137245
0.449174829282964	-0.544235898775128
0.448949827103637	-0.545398253925598
0.448724350531014	-0.546556060862544
0.44849841351784	-0.547709323624647
0.448272030016858	-0.548858046250592
0.448045213980813	-0.550002232779061
0.447817979362448	-0.551141887248739
0.447590340114507	-0.552277013698307
0.447362310189735	-0.553407616166449
0.447133903540875	-0.554533698691849
0.446905134120671	-0.555655265313189
0.446676015881868	-0.556772320069152
0.446446562777209	-0.557884866998423
0.446216788759438	-0.558992910139684
0.4459867077813	-0.560096453531617
0.445756333795538	-0.561195501212908
0.445525680754896	-0.562290057222237
0.445294762612119	-0.56338012559829
0.445063593319949	-0.564465710379748
0.444832186831132	-0.565546815605296
0.444600557098411	-0.566623445313616
0.444368718074531	-0.567695603543391
0.444136683712234	-0.568763294333305
0.443904467964266	-0.569826521722041
0.44367208478337	-0.570885289748282
0.44343954812229	-0.571939602450711
0.44320687193377	-0.572989463868012
0.442974070170554	-0.574034878038867
0.442741156785386	-0.57507584900196
0.442508145731011	-0.576112380795974
0.442275050960171	-0.577144477459592
0.442041886425612	-0.578172143031497
0.441808666080076	-0.579195381550373
0.441575403876309	-0.580214197054902
0.441342113767054	-0.581228593583768
0.441108809705055	-0.582238575175655
0.440875505643055	-0.583244145869244
0.4406422155338	-0.58424530970322
0.440408953330033	-0.585242070716265
0.440175732984497	-0.586234432947064
0.439942568449938	-0.587222400434298
0.439709473679098	-0.588205977216651
0.439476462624723	-0.589185167332807
0.439243549239555	-0.590159974821448
0.439010747476339	-0.591130403721258
0.438778071287819	-0.592096458070919
0.438545534626739	-0.593058141909116
0.438313151445843	-0.594015459274531
0.438080935697875	-0.594968414205847
0.437848901335578	-0.595917010741748
0.437617062311698	-0.596861252920917
0.437385432578977	-0.597801144782036
0.43715402609016	-0.59873669036379
0.43692285679799	-0.599667893704861
0.436691938655213	-0.600594758843932
0.436461285614571	-0.601517289819687
0.436230911628809	-0.602435490670809
0.436000830650671	-0.603349365435981
0.4357710566329	-0.604258918153887
0.435541603528241	-0.605164152863208
0.435312485289438	-0.60606507360263
0.435083715869234	-0.606961684410833
0.434855309220374	-0.607853989326503
0.434627279295602	-0.608741992388322
0.434399640047661	-0.609625697634974
0.434172405429296	-0.610505109105141
0.433945589393251	-0.611380230837506
0.433719205892269	-0.612251066870754
0.433493268879095	-0.613117621243566
0.433267792306472	-0.613979897994627
0.433042790127145	-0.614837901162619
0.432818276293857	-0.615691634786225
0.432594264759353	-0.61654110290413
0.432370769476377	-0.617386309555015
0.432147804397672	-0.618227258777565
0.431925383475982	-0.619063954610462
0.431703520664052	-0.619896401092389
0.431482229914625	-0.62072460226203
0.431261525180446	-0.621548562158068
0.431041420414258	-0.622368284819185
0.430821929568806	-0.623183774284066
0.430603066596833	-0.623995034591394
0.430384845451084	-0.624802069779851
0.430167280084301	-0.625604883888121
0.429950384449231	-0.626403480954887
0.429734172498615	-0.627197865018832
0.429518658185199	-0.627988040118639
0.429303855461726	-0.628774010292992
0.429089778280941	-0.629555779580573
0.428876440595587	-0.630333352020066
0.428663856358408	-0.631106731650155
0.428452039522148	-0.631875922509521
0.428241004039552	-0.632640928636849
0.428030763863363	-0.633401754070821
0.427821332946325	-0.634158402850122
0.427612725241182	-0.634910879013433
0.427404954700679	-0.635659186599438
0.427198035277559	-0.636403329646821
0.426991980924566	-0.637143312194264
0.426786805594444	-0.637879138280451
0.426582523239937	-0.638610811944065
0.42637914781379	-0.639338337223788
0.426176693268745	-0.640061718158305
0.425975173557548	-0.640780958786299
0.425774602632942	-0.641496063146452
0.42557499444767	-0.642207035277447
0.425376362954478	-0.642913879217969
0.425178722106109	-0.6436165990067
0.424982085855307	-0.644315198682323
0.424786468154817	-0.645009682283522
0.424591882957381	-0.645700053848979
0.424398344215744	-0.646386317417378
0.42420586588265	-0.647068477027402
0.424014461910843	-0.647746536717735
0.423824146253067	-0.648420500527058
0.423634932862066	-0.649090372494057
0.423446835690584	-0.649756156657413
0.423259868691365	-0.65041785705581
0.423074045817153	-0.651075477727932
0.422889381020692	-0.65172902271246
0.422705888254725	-0.652378496048079
0.422523581471998	-0.653023901773472
0.422342474625253	-0.653665243927322
0.422162581667235	-0.654302526548311
0.421983916550689	-0.654935753675124
0.421806493228357	-0.655564929346444
0.421630325652983	-0.656190057600953
0.421455427777313	-0.656811142477334
0.421281813554089	-0.657428188014272
0.421109496936056	-0.658041198250448
0.420938491875958	-0.658650177224548
0.420768812326539	-0.659255128975252
0.420600472240542	-0.659856057541246
0.420433485570712	-0.660452966961211
0.420267866269793	-0.661045861273831
0.420103628290528	-0.661634744517789
